#   2  -3.1452617      247       33        8        1        1        8
#       ik           e(k,n)               Ni_1_3dxy        Ni_1_3dyz        Ni_1_3dz2        Ni_1_3dxz        Ni_1_3dx2-y2     O_2_2py          O_2_2pz          O_2_2px          
       0.0000000       -2.9682189        0.0000000        0.0000000        0.0000000        0.0000000        0.0000000        0.3333333        0.3333333        0.3333333
       0.0000000       -2.9682189        0.0000000        0.0000000        0.0000000        0.0000000        0.0000000        0.3333333        0.3333333        0.3333333
       0.0000000       -2.9682189        0.0000000        0.0000000        0.0000000        0.0000000        0.0000000        0.3333333        0.3333333        0.3333333
       0.0000000       -1.6856209        0.3333333        0.3333333        0.0000000        0.3333333        0.0000000        0.0000000        0.0000000        0.0000000
       0.0000000       -1.6856209        0.3333333        0.3333333        0.0000000        0.3333333        0.0000000        0.0000000        0.0000000        0.0000000
       0.0000000       -1.6856209        0.3333333        0.3333333        0.0000000        0.3333333        0.0000000        0.0000000        0.0000000        0.0000000
       0.0000000       -1.5172549        0.0000000        0.0000000        0.5000000        0.0000000        0.5000000        0.0000000        0.0000000        0.0000000
       0.0000000       -1.5172549        0.0000000        0.0000000        0.5000000        0.0000000        0.5000000        0.0000000        0.0000000        0.0000000
       0.0212766       -2.9872911        0.0000000        0.0000000        0.0028434        0.0000000        0.0085301        0.0000000        0.0000000        0.9886266
       0.0212766       -2.9731878        0.0014755        0.0000000        0.0000000        0.0014755        0.0000000        0.4985245        0.4985245        0.0000000
       0.0212766       -2.9731878        0.0014755        0.0000000        0.0000000        0.0014755        0.0000000        0.4985245        0.4985245        0.0000000
       0.0212766       -1.6865984        0.0000000        1.0000000        0.0000000        0.0000000        0.0000000        0.0000000        0.0000000        0.0000000
       0.0212766       -1.6802922        0.4985245        0.0000000        0.0000000        0.4985245        0.0000000        0.0014755        0.0014755        0.0000000
       0.0212766       -1.6802922        0.4985245        0.0000000        0.0000000        0.4985245        0.0000000        0.0014755        0.0014755        0.0000000
       0.0212766       -1.5168351        0.0000000        0.0000000        0.7499999        0.0000000        0.2500001        0.0000000        0.0000000        0.0000000
       0.0212766       -1.4996605        0.0000000        0.0000000        0.2471567        0.0000000        0.7414699        0.0000000        0.0000000        0.0113734
       0.0425532       -3.0417789        0.0000000        0.0000000        0.0101979        0.0000000        0.0305937        0.0000000        0.0000000        0.9592083
       0.0425532       -2.9878037        0.0056574        0.0000000        0.0000000        0.0056574        0.0000000        0.4943426        0.4943426        0.0000000
       0.0425532       -2.9878037        0.0056574        0.0000000        0.0000000        0.0056574        0.0000000        0.4943426        0.4943426        0.0000000
       0.0425532       -1.6895281        0.0000000        1.0000000        0.0000000        0.0000000        0.0000000        0.0000000        0.0000000        0.0000000
       0.0425532       -1.6646061        0.4943426        0.0000000        0.0000000        0.4943426        0.0000000        0.0056574        0.0056574        0.0000000
       0.0425532       -1.6646061        0.4943426        0.0000000        0.0000000        0.4943426        0.0000000        0.0056574        0.0056574        0.0000000
       0.0425532       -1.5155775        0.0000000        0.0000000        0.7500000        0.0000000        0.2500000        0.0000000        0.0000000        0.0000000
       0.0425532       -1.4496056        0.0000000        0.0000000        0.2398021        0.0000000        0.7194062        0.0000000        0.0000000        0.0407917
       0.0638298       -3.1250856        0.0000000        0.0000000        0.0196247        0.0000000        0.0588740        0.0000000        0.0000000        0.9215014
       0.0638298       -3.0112587        0.0119052        0.0000000        0.0000000        0.0119052        0.0000000        0.4880948        0.4880948        0.0000000
       0.0638298       -3.0112587        0.0119052        0.0000000        0.0000000        0.0119052        0.0000000        0.4880948        0.4880948        0.0000000
       0.0638298       -1.6944021        0.0000000        1.0000000        0.0000000        0.0000000        0.0000000        0.0000000        0.0000000        0.0000000
       0.0638298       -1.6393975        0.4880948        0.0000000        0.0000000        0.4880948        0.0000000        0.0119052        0.0119052        0.0000000
       0.0638298       -1.6393975        0.4880948        0.0000000        0.0000000        0.4880948        0.0000000        0.0119052        0.0119052        0.0000000
       0.0638298       -1.5134875        0.0000000        0.0000000        0.7500000        0.0000000        0.2500000        0.0000000        0.0000000        0.0000000
       0.0638298       -1.3736853        0.0000000        0.0000000        0.2303753        0.0000000        0.6911261        0.0000000        0.0000000        0.0784986
       0.0851064       -3.2297345        0.0000000        0.0000000        0.0291024        0.0000000        0.0873073        0.0000000        0.0000000        0.8835903
       0.0851064       -3.0423919        0.0194009        0.0000000        0.0000000        0.0194009        0.0000000        0.4805991        0.4805991        0.0000000
       0.0851064       -3.0423919        0.0194009        0.0000000        0.0000000        0.0194009        0.0000000        0.4805991        0.4805991        0.0000000
       0.0851064       -1.7012069        0.0000000        1.0000000        0.0000000        0.0000000        0.0000000        0.0000000        0.0000000        0.0000000
       0.0851064       -1.6058719        0.4805991        0.0000000        0.0000000        0.4805991        0.0000000        0.0194009        0.0194009        0.0000000
       0.0851064       -1.6058719        0.4805991        0.0000000        0.0000000        0.4805991        0.0000000        0.0194009        0.0194009        0.0000000
       0.0851064       -1.5105740        0.0000000        0.0000000        0.7500000        0.0000000        0.2500000        0.0000000        0.0000000        0.0000000
       0.0851064       -1.2793736        0.0000000        0.0000000        0.2208975        0.0000000        0.6626928        0.0000000        0.0000000        0.1164097
       0.1063830       -3.3496513        0.0000000        0.0000000        0.0375673        0.0000000        0.1127018        0.0000000        0.0000000        0.8497309
       0.1063830       -3.0798816        0.0273640        0.0000000        0.0000000        0.0273640        0.0000000        0.4726360        0.4726360        0.0000000
       0.1063830       -3.0798816        0.0273640        0.0000000        0.0000000        0.0273640        0.0000000        0.4726360        0.4726360        0.0000000
       0.1063830       -1.7099234        0.0000000        1.0000000        0.0000000        0.0000000        0.0000000        0.0000000        0.0000000        0.0000000
       0.1063830       -1.5654125        0.4726360        0.0000000        0.0000000        0.4726360        0.0000000        0.0273640        0.0273640        0.0000000
       0.1063830       -1.5654125        0.4726360        0.0000000        0.0000000        0.4726360        0.0000000        0.0273640        0.0273640        0.0000000
       0.1063830       -1.5068494        0.0000000        0.0000000        0.7500000        0.0000000        0.2500000        0.0000000        0.0000000        0.0000000
       0.1063830       -1.1732370        0.0000000        0.0000000        0.2124327        0.0000000        0.6372982        0.0000000        0.0000000        0.1502691
       0.1276596       -3.4815795        0.0000000        0.0000000        0.0445872        0.0000000        0.1337616        0.0000000        0.0000000        0.8216512
       0.1276596       -3.1224049        0.0351805        0.0000000        0.0000000        0.0351804        0.0000000        0.4648195        0.4648196        0.0000000
       0.1276596       -3.1224049        0.0351805        0.0000000        0.0000000        0.0351804        0.0000000        0.4648195        0.4648196        0.0000000
       0.1276596       -1.7205265        0.0000000        1.0000000        0.0000000        0.0000000        0.0000000        0.0000000        0.0000000        0.0000000
       0.1276596       -1.5194193        0.4648195        0.0000000        0.0000000        0.4648196        0.0000000        0.0351805        0.0351804        0.0000000
       0.1276596       -1.5194193        0.4648195        0.0000000        0.0000000        0.4648196        0.0000000        0.0351805        0.0351804        0.0000000
       0.1276596       -1.5023296        0.0000000        0.0000000        0.7500001        0.0000000        0.2499999        0.0000000        0.0000000        0.0000000
       0.1276596       -1.0611209        0.0000000        0.0000000        0.2054127        0.0000000        0.6162384        0.0000000        0.0000000        0.1783488
       0.1489362       -3.6240460        0.0000000        0.0000000        0.0500356        0.0000000        0.1501069        0.0000000        0.0000000        0.7998574
       0.1489362       -3.1687391        0.0424366        0.0000000        0.0000000        0.0424366        0.0000000        0.4575634        0.4575634        0.0000000
       0.1489362       -3.1687391        0.0424366        0.0000000        0.0000000        0.0424366        0.0000000        0.4575634        0.4575634        0.0000000
       0.1489362       -1.7329847        0.0000000        1.0000000        0.0000000        0.0000000        0.0000000        0.0000000        0.0000000        0.0000000
       0.1489362       -1.4970340        0.0000000        0.0000000        0.7500000        0.0000000        0.2500000        0.0000000        0.0000000        0.0000000
       0.1489362       -1.4692067        0.4575634        0.0000000        0.0000000        0.4575634        0.0000000        0.0424366        0.0424366        0.0000000
       0.1489362       -1.4692067        0.4575634        0.0000000        0.0000000        0.4575634        0.0000000        0.0424366        0.0424366        0.0000000
       0.1489362       -0.9486168        0.0000000        0.0000000        0.1999644        0.0000000        0.5998931        0.0000000        0.0000000        0.2001426
       0.1702128       -3.7767922        0.0000000        0.0000000        0.0539043        0.0000000        0.1617128        0.0000000        0.0000000        0.7843829
       0.1702128       -3.2178100        0.0488949        0.0000000        0.0000000        0.0488949        0.0000000        0.4511051        0.4511051        0.0000000
       0.1702128       -3.2178100        0.0488949        0.0000000        0.0000000        0.0488949        0.0000000        0.4511051        0.4511051        0.0000000
       0.1702128       -1.7472602        0.0000000        1.0000000        0.0000000        0.0000000        0.0000000        0.0000000        0.0000000        0.0000000
       0.1702128       -1.4909851        0.0000000        0.0000000        0.7499999        0.0000000        0.2500001        0.0000000        0.0000000        0.0000000
       0.1702128       -1.4159535        0.4511051        0.0000000        0.0000000        0.4511051        0.0000000        0.0488949        0.0488949        0.0000000
       0.1702128       -1.4159535        0.4511051        0.0000000        0.0000000        0.4511051        0.0000000        0.0488949        0.0488949        0.0000000
       0.1702128       -0.8414153        0.0000000        0.0000000        0.1960958        0.0000000        0.5882872        0.0000000        0.0000000        0.2156171
       0.1914894       -3.9399853        0.0000000        0.0000000        0.0562507        0.0000000        0.1687520        0.0000000        0.0000000        0.7749973
       0.1914894       -3.2687021        0.0544481        0.0000000        0.0000000        0.0544481        0.0000000        0.4455519        0.4455519        0.0000000
       0.1914894       -3.2687021        0.0544481        0.0000000        0.0000000        0.0544481        0.0000000        0.4455519        0.4455519        0.0000000
       0.1914894       -1.7633077        0.0000000        1.0000000        0.0000000        0.0000000        0.0000000        0.0000000        0.0000000        0.0000000
       0.1914894       -1.4842090        0.0000000        0.0000000        0.7500000        0.0000000        0.2500000        0.0000000        0.0000000        0.0000000
       0.1914894       -1.3606904        0.4455519        0.0000000        0.0000000        0.4455519        0.0000000        0.0544481        0.0544481        0.0000000
       0.1914894       -1.3606904        0.4455519        0.0000000        0.0000000        0.4455519        0.0000000        0.0544481        0.0544481        0.0000000
       0.1914894       -0.7450161        0.0000000        0.0000000        0.1937493        0.0000000        0.5812480        0.0000000        0.0000000        0.2250027
       0.2127660       -4.1134986        0.0000000        0.0000000        0.0572020        0.0000000        0.1716058        0.0000000        0.0000000        0.7711922
       0.2127660       -3.3206498        0.0590748        0.0000000        0.0000000        0.0590748        0.0000000        0.4409252        0.4409252        0.0000000
       0.2127660       -3.3206498        0.0590748        0.0000000        0.0000000        0.0590748        0.0000000        0.4409252        0.4409252        0.0000000
       0.2127660       -1.7810748        0.0000000        1.0000000        0.0000000        0.0000000        0.0000000        0.0000000        0.0000000        0.0000000
       0.2127660       -1.4767349        0.0000000        0.0000000        0.7500000        0.0000000        0.2500000        0.0000000        0.0000000        0.0000000
       0.2127660       -1.3043078        0.4409252        0.0000000        0.0000000        0.4409252        0.0000000        0.0590748        0.0590748        0.0000000
       0.2127660       -1.3043078        0.4409252        0.0000000        0.0000000        0.4409252        0.0000000        0.0590748        0.0590748        0.0000000
       0.2127660       -0.6638944        0.0000000        0.0000000        0.1927980        0.0000000        0.5783942        0.0000000        0.0000000        0.2288078
       0.2340426       -4.2963343        0.0000000        0.0000000        0.0569652        0.0000000        0.1708956        0.0000000        0.0000000        0.7721392
       0.2340426       -3.3730182        0.0628045        0.0000000        0.0000000        0.0628045        0.0000000        0.4371955        0.4371955        0.0000000
       0.2340426       -3.3730182        0.0628045        0.0000000        0.0000000        0.0628045        0.0000000        0.4371955        0.4371955        0.0000000
       0.2340426       -1.8005012        0.0000000        1.0000000        0.0000000        0.0000000        0.0000000        0.0000000        0.0000000        0.0000000
       0.2340426       -1.4685949        0.0000000        0.0000000        0.7500000        0.0000000        0.2500000        0.0000000        0.0000000        0.0000000
       0.2340426       -1.2475713        0.4371955        0.0000000        0.0000000        0.4371955        0.0000000        0.0628045        0.0628045        0.0000000
       0.2340426       -1.2475713        0.4371955        0.0000000        0.0000000        0.4371955        0.0000000        0.0628045        0.0628045        0.0000000
       0.2340426       -0.6005133        0.0000000        0.0000000        0.1930348        0.0000000        0.5791044        0.0000000        0.0000000        0.2278608
       0.2553191       -4.4862425        0.0000000        0.0000000        0.0558217        0.0000000        0.1674650        0.0000000        0.0000000        0.7767134
       0.2553191       -3.4252838        0.0656937        0.0000000        0.0000000        0.0656937        0.0000000        0.4343063        0.4343063        0.0000000
       0.2553191       -3.4252838        0.0656937        0.0000000        0.0000000        0.0656937        0.0000000        0.4343063        0.4343063        0.0000000
       0.2553191       -1.8215186        0.0000000        1.0000000        0.0000000        0.0000000        0.0000000        0.0000000        0.0000000        0.0000000
       0.2553191       -1.4598243        0.0000000        0.0000000        0.7500000        0.0000000        0.2500000        0.0000000        0.0000000        0.0000000
       0.2553191       -1.1911393        0.4343063        0.0000000        0.0000000        0.4343063        0.0000000        0.0656937        0.0656937        0.0000000
       0.2553191       -1.1911393        0.4343063        0.0000000        0.0000000        0.4343063        0.0000000        0.0656937        0.0656937        0.0000000
       0.2553191       -0.5546593        0.0000000        0.0000000        0.1941784        0.0000000        0.5825350        0.0000000        0.0000000        0.2232866
       0.2765957       -4.6796551        0.0000000        0.0000000        0.0540966        0.0000000        0.1622897        0.0000000        0.0000000        0.7836137
       0.2765957       -3.4770155        0.0678109        0.0000000        0.0000000        0.0678109        0.0000000        0.4321891        0.4321891        0.0000000
       0.2765957       -3.4770155        0.0678109        0.0000000        0.0000000        0.0678109        0.0000000        0.4321891        0.4321891        0.0000000
       0.2765957       -1.8440505        0.0000000        1.0000000        0.0000000        0.0000000        0.0000000        0.0000000        0.0000000        0.0000000
       0.2765957       -1.4504610        0.0000000        0.0000000        0.7500000        0.0000000        0.2500000        0.0000000        0.0000000        0.0000000
       0.2765957       -1.1355793        0.4321891        0.0000000        0.0000000        0.4321891        0.0000000        0.0678109        0.0678109        0.0000000
       0.2765957       -1.1355793        0.4321891        0.0000000        0.0000000        0.4321891        0.0000000        0.0678109        0.0678109        0.0000000
       0.2765957       -0.5234866        0.0000000        0.0000000        0.1959034        0.0000000        0.5877103        0.0000000        0.0000000        0.2163863
       0.2978723       -4.8720760        0.0000000        0.0000000        0.0521084        0.0000000        0.1563253        0.0000000        0.0000000        0.7915663
       0.2978723       -3.5278583        0.0692274        0.0000000        0.0000000        0.0692273        0.0000000        0.4307726        0.4307727        0.0000000
       0.2978723       -3.5278583        0.0692274        0.0000000        0.0000000        0.0692273        0.0000000        0.4307726        0.4307727        0.0000000
       0.2978723       -1.8680120        0.0000000        1.0000000        0.0000000        0.0000000        0.0000000        0.0000000        0.0000000        0.0000000
       0.2978723       -1.4405459        0.0000000        0.0000000        0.7500000        0.0000000        0.2500000        0.0000000        0.0000000        0.0000000
       0.2978723       -1.0813810        0.4307726        0.0000000        0.0000000        0.4307727        0.0000000        0.0692274        0.0692273        0.0000000
       0.2978723       -1.0813810        0.4307726        0.0000000        0.0000000        0.4307727        0.0000000        0.0692274        0.0692273        0.0000000
       0.2978723       -0.5023714        0.0000000        0.0000000        0.1978915        0.0000000        0.5936747        0.0000000        0.0000000        0.2084337
       0.3191489       -5.0589142        0.0000000        0.0000000        0.0501144        0.0000000        0.1503432        0.0000000        0.0000000        0.7995424
       0.3191489       -3.5775205        0.0700121        0.0000000        0.0000000        0.0700121        0.0000000        0.4299879        0.4299879        0.0000000
       0.3191489       -3.5775205        0.0700121        0.0000000        0.0000000        0.0700121        0.0000000        0.4299879        0.4299879        0.0000000
       0.3191489       -1.8933096        0.0000000        1.0000000        0.0000000        0.0000000        0.0000000        0.0000000        0.0000000        0.0000000
       0.3191489       -1.4301221        0.0000000        0.0000000        0.7500000        0.0000000        0.2500000        0.0000000        0.0000000        0.0000000
       0.3191489       -1.0289664        0.4299879        0.0000000        0.0000000        0.4299879        0.0000000        0.0700121        0.0700121        0.0000000
       0.3191489       -1.0289664        0.4299879        0.0000000        0.0000000        0.4299879        0.0000000        0.0700121        0.0700121        0.0000000
       0.3191489       -0.4862917        0.0000000        0.0000000        0.1998856        0.0000000        0.5996568        0.0000000        0.0000000        0.2004576
       0.3404255       -5.2364483        0.0000000        0.0000000        0.0482743        0.0000000        0.1448229        0.0000000        0.0000000        0.8069028
       0.3404255       -3.6257631        0.0702298        0.0000000        0.0000000        0.0702298        0.0000000        0.4297702        0.4297702        0.0000000
       0.3404255       -3.6257631        0.0702298        0.0000000        0.0000000        0.0702298        0.0000000        0.4297702        0.4297702        0.0000000
       0.3404255       -1.9198418        0.0000000        1.0000000        0.0000000        0.0000000        0.0000000        0.0000000        0.0000000        0.0000000
       0.3404255       -1.4192353        0.0000000        0.0000000        0.7500000        0.0000000        0.2500000        0.0000000        0.0000000        0.0000000
       0.3404255       -0.9786977        0.4297702        0.0000000        0.0000000        0.4297702        0.0000000        0.0702298        0.0702298        0.0000000
       0.3404255       -0.9786977        0.4297702        0.0000000        0.0000000        0.4297702        0.0000000        0.0702298        0.0702298        0.0000000
       0.3404255       -0.4711594        0.0000000        0.0000000        0.2017257        0.0000000        0.6051771        0.0000000        0.0000000        0.1930972
       0.3617021       -5.4024558        0.0000000        0.0000000        0.0466473        0.0000000        0.1399419        0.0000000        0.0000000        0.8134108
       0.3617021       -3.6723909        0.0699395        0.0000000        0.0000000        0.0699395        0.0000000        0.4300605        0.4300605        0.0000000
       0.3617021       -3.6723909        0.0699395        0.0000000        0.0000000        0.0699395        0.0000000        0.4300605        0.4300605        0.0000000
       0.3617021       -1.9474988        0.0000000        1.0000000        0.0000000        0.0000000        0.0000000        0.0000000        0.0000000        0.0000000
       0.3617021       -1.4079333        0.0000000        0.0000000        0.7500000        0.0000000        0.2500000        0.0000000        0.0000000        0.0000000
       0.3617021       -0.9308833        0.4300605        0.0000000        0.0000000        0.4300605        0.0000000        0.0699395        0.0699395        0.0000000
       0.3617021       -0.9308833        0.4300605        0.0000000        0.0000000        0.4300605        0.0000000        0.0699395        0.0699395        0.0000000
       0.3617021       -0.4545707        0.0000000        0.0000000        0.2033527        0.0000000        0.6100581        0.0000000        0.0000000        0.1865892
       0.3829787       -5.5562429        0.0000000        0.0000000        0.0452167        0.0000000        0.1356499        0.0000000        0.0000000        0.8191334
       0.3829787       -3.7172464        0.0691945        0.0000000        0.0000000        0.0691945        0.0000000        0.4308055        0.4308055        0.0000000
       0.3829787       -3.7172464        0.0691945        0.0000000        0.0000000        0.0691945        0.0000000        0.4308055        0.4308055        0.0000000
       0.3829787       -1.9761632        0.0000000        1.0000000        0.0000000        0.0000000        0.0000000        0.0000000        0.0000000        0.0000000
       0.3829787       -1.3962659        0.0000000        0.0000000        0.7500000        0.0000000        0.2500000        0.0000000        0.0000000        0.0000000
       0.3829787       -0.8857810        0.4308055        0.0000000        0.0000000        0.4308055        0.0000000        0.0691945        0.0691945        0.0000000
       0.3829787       -0.8857810        0.4308055        0.0000000        0.0000000        0.4308055        0.0000000        0.0691945        0.0691945        0.0000000
       0.3829787       -0.4358163        0.0000000        0.0000000        0.2047833        0.0000000        0.6143501        0.0000000        0.0000000        0.1808666
       0.4042553       -5.6981944        0.0000000        0.0000000        0.0439257        0.0000000        0.1317771        0.0000000        0.0000000        0.8242972
       0.4042553       -3.7602040        0.0680430        0.0000000        0.0000000        0.0680430        0.0000000        0.4319570        0.4319570        0.0000000
       0.4042553       -3.7602040        0.0680430        0.0000000        0.0000000        0.0680430        0.0000000        0.4319570        0.4319570        0.0000000
       0.4042553       -2.0057104        0.0000000        1.0000000        0.0000000        0.0000000        0.0000000        0.0000000        0.0000000        0.0000000
       0.4042553       -1.3842847        0.0000000        0.0000000        0.7500000        0.0000000        0.2500000        0.0000000        0.0000000        0.0000000
       0.4042553       -0.8436015        0.4319570        0.0000000        0.0000000        0.4319570        0.0000000        0.0680430        0.0680430        0.0000000
       0.4042553       -0.8436015        0.4319570        0.0000000        0.0000000        0.4319570        0.0000000        0.0680430        0.0680430        0.0000000
       0.4042553       -0.4153823        0.0000000        0.0000000        0.2060743        0.0000000        0.6182229        0.0000000        0.0000000        0.1757028
       0.4255319       -5.8291821        0.0000000        0.0000000        0.0427086        0.0000000        0.1281257        0.0000000        0.0000000        0.8291658
       0.4255319       -3.8011664        0.0665283        0.0000000        0.0000000        0.0665283        0.0000000        0.4334717        0.4334717        0.0000000
       0.4255319       -3.8011664        0.0665283        0.0000000        0.0000000        0.0665283        0.0000000        0.4334717        0.4334717        0.0000000
       0.4255319       -2.0360092        0.0000000        1.0000000        0.0000000        0.0000000        0.0000000        0.0000000        0.0000000        0.0000000
       0.4255319       -1.3720428        0.0000000        0.0000000        0.7500000        0.0000000        0.2500000        0.0000000        0.0000000        0.0000000
       0.4255319       -0.8045103        0.4334717        0.0000000        0.0000000        0.4334717        0.0000000        0.0665283        0.0665283        0.0000000
       0.4255319       -0.8045103        0.4334717        0.0000000        0.0000000        0.4334717        0.0000000        0.0665283        0.0665283        0.0000000
       0.4255319       -0.3943221        0.0000000        0.0000000        0.2072914        0.0000000        0.6218743        0.0000000        0.0000000        0.1708342
       0.4468085       -5.9501129        0.0000000        0.0000000        0.0415082        0.0000000        0.1245246        0.0000000        0.0000000        0.8339672
       0.4468085       -3.8400607        0.0646899        0.0000000        0.0000000        0.0646899        0.0000000        0.4353101        0.4353101        0.0000000
       0.4468085       -3.8400607        0.0646899        0.0000000        0.0000000        0.0646899        0.0000000        0.4353101        0.4353101        0.0000000
       0.4468085       -2.0669226        0.0000000        1.0000000        0.0000000        0.0000000        0.0000000        0.0000000        0.0000000        0.0000000
       0.4468085       -1.3595946        0.0000000        0.0000000        0.7500000        0.0000000        0.2500000        0.0000000        0.0000000        0.0000000
       0.4468085       -0.7686289        0.4353101        0.0000000        0.0000000        0.4353101        0.0000000        0.0646899        0.0646899        0.0000000
       0.4468085       -0.7686289        0.4353101        0.0000000        0.0000000        0.4353101        0.0000000        0.0646899        0.0646899        0.0000000
       0.4468085       -0.3737713        0.0000000        0.0000000        0.2084918        0.0000000        0.6254754        0.0000000        0.0000000        0.1660328
       0.4680851       -6.0617019        0.0000000        0.0000000        0.0402828        0.0000000        0.1208483        0.0000000        0.0000000        0.8388690
       0.4680851       -3.8768360        0.0625636        0.0000000        0.0000000        0.0625635        0.0000000        0.4374364        0.4374365        0.0000000
       0.4680851       -3.8768360        0.0625636        0.0000000        0.0000000        0.0625635        0.0000000        0.4374364        0.4374365        0.0000000
       0.4680851       -2.0983085        0.0000000        1.0000000        0.0000000        0.0000000        0.0000000        0.0000000        0.0000000        0.0000000
       0.4680851       -1.3469959        0.0000000        0.0000000        0.7500000        0.0000000        0.2500000        0.0000000        0.0000000        0.0000000
       0.4680851       -0.7360364        0.4374364        0.0000000        0.0000000        0.4374365        0.0000000        0.0625636        0.0625635        0.0000000
       0.4680851       -0.7360364        0.4374364        0.0000000        0.0000000        0.4374365        0.0000000        0.0625636        0.0625635        0.0000000
       0.4680851       -0.3546936        0.0000000        0.0000000        0.2097172        0.0000000        0.6291517        0.0000000        0.0000000        0.1611310
       0.4893617       -6.1644272        0.0000000        0.0000000        0.0390047        0.0000000        0.1170142        0.0000000        0.0000000        0.8439811
       0.4893617       -3.9114610        0.0601825        0.0000000        0.0000000        0.0601825        0.0000000        0.4398175        0.4398175        0.0000000
       0.4893617       -3.9114610        0.0601825        0.0000000        0.0000000        0.0601825        0.0000000        0.4398175        0.4398175        0.0000000
       0.4893617       -2.1300207        0.0000000        1.0000000        0.0000000        0.0000000        0.0000000        0.0000000        0.0000000        0.0000000
       0.4893617       -1.3343029        0.0000000        0.0000000        0.7500000        0.0000000        0.2500000        0.0000000        0.0000000        0.0000000
       0.4893617       -0.7067707        0.4398175        0.0000000        0.0000000        0.4398175        0.0000000        0.0601825        0.0601825        0.0000000
       0.4893617       -0.7067707        0.4398175        0.0000000        0.0000000        0.4398175        0.0000000        0.0601825        0.0601825        0.0000000
       0.4893617       -0.3378105        0.0000000        0.0000000        0.2109953        0.0000000        0.6329858        0.0000000        0.0000000        0.1560189
       0.5106383       -6.2585763        0.0000000        0.0000000        0.0376575        0.0000000        0.1129724        0.0000000        0.0000000        0.8493702
       0.5106383       -3.9439223        0.0575777        0.0000000        0.0000000        0.0575777        0.0000000        0.4424223        0.4424223        0.0000000
       0.5106383       -3.9439223        0.0575777        0.0000000        0.0000000        0.0575777        0.0000000        0.4424223        0.4424223        0.0000000
       0.5106383       -2.1619100        0.0000000        1.0000000        0.0000000        0.0000000        0.0000000        0.0000000        0.0000000        0.0000000
       0.5106383       -1.3215728        0.0000000        0.0000000        0.7500000        0.0000000        0.2500000        0.0000000        0.0000000        0.0000000
       0.5106383       -0.6808298        0.4424223        0.0000000        0.0000000        0.4424223        0.0000000        0.0575777        0.0575777        0.0000000
       0.5106383       -0.6808298        0.4424223        0.0000000        0.0000000        0.4424223        0.0000000        0.0575777        0.0575777        0.0000000
       0.5106383       -0.3236298        0.0000000        0.0000000        0.2123425        0.0000000        0.6370276        0.0000000        0.0000000        0.1506298
       0.5319149       -6.3443198        0.0000000        0.0000000        0.0362314        0.0000000        0.1086943        0.0000000        0.0000000        0.8550743
       0.5319149       -3.9742228        0.0547785        0.0000000        0.0000000        0.0547785        0.0000000        0.4452215        0.4452215        0.0000000
       0.5319149       -3.9742228        0.0547785        0.0000000        0.0000000        0.0547785        0.0000000        0.4452215        0.4452215        0.0000000
       0.5319149       -2.1938248        0.0000000        1.0000000        0.0000000        0.0000000        0.0000000        0.0000000        0.0000000        0.0000000
       0.5319149       -1.3088627        0.0000000        0.0000000        0.7500000        0.0000000        0.2500000        0.0000000        0.0000000        0.0000000
       0.5319149       -0.6581737        0.4452215        0.0000000        0.0000000        0.4452215        0.0000000        0.0547785        0.0547785        0.0000000
       0.5319149       -0.6581737        0.4452215        0.0000000        0.0000000        0.4452215        0.0000000        0.0547785        0.0547785        0.0000000
       0.5319149       -0.3125037        0.0000000        0.0000000        0.2137686        0.0000000        0.6413057        0.0000000        0.0000000        0.1449257
       0.5531915       -6.4217762        0.0000000        0.0000000        0.0347215        0.0000000        0.1041646        0.0000000        0.0000000        0.8611138
       0.5531915       -4.0023801        0.0518130        0.0000000        0.0000000        0.0518130        0.0000000        0.4481870        0.4481870        0.0000000
       0.5531915       -4.0023801        0.0518130        0.0000000        0.0000000        0.0518130        0.0000000        0.4481870        0.4481870        0.0000000
       0.5531915       -2.2256126        0.0000000        1.0000000        0.0000000        0.0000000        0.0000000        0.0000000        0.0000000        0.0000000
       0.5531915       -1.2962300        0.0000000        0.0000000        0.7500000        0.0000000        0.2500000        0.0000000        0.0000000        0.0000000
       0.5531915       -0.6387257        0.4481870        0.0000000        0.0000000        0.4481870        0.0000000        0.0518130        0.0518130        0.0000000
       0.5531915       -0.6387257        0.4481870        0.0000000        0.0000000        0.4481870        0.0000000        0.0518130        0.0518130        0.0000000
       0.5531915       -0.3046801        0.0000000        0.0000000        0.2152784        0.0000000        0.6458354        0.0000000        0.0000000        0.1388862
       0.5744681       -6.4910592        0.0000000        0.0000000        0.0331255        0.0000000        0.0993765        0.0000000        0.0000000        0.8674980
       0.5744681       -4.0284254        0.0487084        0.0000000        0.0000000        0.0487084        0.0000000        0.4512916        0.4512916        0.0000000
       0.5744681       -4.0284254        0.0487084        0.0000000        0.0000000        0.0487084        0.0000000        0.4512916        0.4512916        0.0000000
       0.5744681       -2.2571209        0.0000000        1.0000000        0.0000000        0.0000000        0.0000000        0.0000000        0.0000000        0.0000000
       0.5744681       -1.2837319        0.0000000        0.0000000        0.7500000        0.0000000        0.2500000        0.0000000        0.0000000        0.0000000
       0.5744681       -0.6223753        0.4512916        0.0000000        0.0000000        0.4512916        0.0000000        0.0487084        0.0487084        0.0000000
       0.5744681       -0.6223753        0.4512916        0.0000000        0.0000000        0.4512916        0.0000000        0.0487084        0.0487084        0.0000000
       0.5744681       -0.3003359        0.0000000        0.0000000        0.2168745        0.0000000        0.6506235        0.0000000        0.0000000        0.1325020
       0.5957447       -6.5523076        0.0000000        0.0000000        0.0314430        0.0000000        0.0943290        0.0000000        0.0000000        0.8742281
       0.5957447       -4.0524026        0.0454919        0.0000000        0.0000000        0.0454919        0.0000000        0.4545081        0.4545081        0.0000000
       0.5957447       -4.0524026        0.0454919        0.0000000        0.0000000        0.0454919        0.0000000        0.4545081        0.4545081        0.0000000
       0.5957447       -2.2881983        0.0000000        1.0000000        0.0000000        0.0000000        0.0000000        0.0000000        0.0000000        0.0000000
       0.5957447       -1.2714250        0.0000000        0.0000000        0.7500000        0.0000000        0.2500000        0.0000000        0.0000000        0.0000000
       0.5957447       -0.6089805        0.4545081        0.0000000        0.0000000        0.4545081        0.0000000        0.0454919        0.0454919        0.0000000
       0.5957447       -0.6089805        0.4545081        0.0000000        0.0000000        0.4545081        0.0000000        0.0454919        0.0454919        0.0000000
       0.5957447       -0.2995940        0.0000000        0.0000000        0.2185570        0.0000000        0.6556711        0.0000000        0.0000000        0.1257719
       0.6170213       -6.6057049        0.0000000        0.0000000        0.0296753        0.0000000        0.0890259        0.0000000        0.0000000        0.8812989
